107.134000
104.233999
112.367999
84.391999
99.040000
75.441999
98.629999
97.430000
92.341999
105.203999
116.572000
93.891999
109.487999
110.718000
79.079999
132.518000
85.286000
104.884000
84.412000
105.016000
98.414000
87.567999
101.371999
101.189999
129.412000
115.871999
131.574000
108.888000
100.115999
102.718000
110.774000
91.632000
75.957999
86.331999
66.731999
85.072000
97.858000
108.617999
116.483999
108.993999
120.715999
69.677999
79.835999
79.971999
89.191999
92.028000
84.605999
84.522000
97.268000
135.973999
96.243999
92.225999
119.010000
80.424000
87.475999
99.602000
97.944000
99.554000
86.930000
83.591999
87.373999
86.944000
112.816000
77.117999
102.784000
77.427999
110.733999
69.634000
104.042000
96.584000
102.355999
85.284000
116.873999
114.599999
103.819999
76.656000
114.522000
121.629999
106.498000
85.884000
90.340000
81.054000
154.512000
102.799999
87.656000
96.371999
110.141999
104.912000
94.712000
93.141999
71.091999
123.108000
82.227999
111.664000
97.114000
97.233999
90.528000
107.713999
109.659999
79.024000