178.909999
106.439999
196.860000
143.030000
216.900000
119.260000
42.429999
25.399999
53.159999
237.400000
70.069999
68.340000
86.620000
126.569999
57.320000
40.890000
58.219999
40.369999
178.270000
121.900000
69.480000
163.889999
113.099999
146.599999
38.210000
82.549999
69.140000
89.349999
77.329999
42.649999
85.569999
102.340000
83.450000
94.879999
154.090000
141.719999
112.549999
40.619999
87.250000
32.670000
34.859999
54.810000
55.619999
30.730000
60.200000
63.969999
118.810000
66.010000
171.189999
84.469999
90.180000
40.570000
197.509999
30.820000
111.689999
60.609999
56.729999
119.750000
30.219999
63.729999
58.090000
29.519999
56.250000
125.650000
59.329999
59.600000
132.900000
113.840000
102.250000
85.920000
54.969999
87.000000
118.390000
84.290000
124.239999
54.700000
59.079999
26.899999
28.780000
34.420000
33.820000
57.539999
83.310000
59.009999
58.780000
32.649999
110.810000
91.430000
83.950000
55.259999
65.030000
84.239999
134.550000
116.819999
56.880000
25.769999
88.849999
83.329999
92.480000
54.479999