2026.359999
1936.849999
1892.029999
1946.779999
1958.900000
1882.170000
1928.609999
2021.130000
1980.990000
1889.690000
1910.960000
2060.940000
1902.960000
1957.250000
1978.990000
1889.859999
1931.059999
2006.940000
2048.179999
1859.500000
1941.789999
2077.789999
1554.779999
1517.170000
1494.289999
1540.769999
1472.970000
1395.019999
1498.210000
1422.029999
1476.140000
1389.009999
1570.150000
1407.019999
1357.519999
1479.470000
1508.539999
1506.400000
1438.950000
1420.769999
1400.519999
1432.319999
1475.089999
1438.960000
1476.509999
1486.329999
1452.869999
1443.759999
1437.210000
1599.660000
1485.930000
1490.549999
1429.640000
1434.019999
1509.019999
1432.359999
1524.650000
1473.109999
1464.680000
1465.900000
1480.660000
1373.670000
1455.970000
1454.309999
1402.950000
1494.650000
1508.480000
1492.579999
1463.839999
1400.269999
1483.970000
1517.200000
1563.210000
1576.490000
1462.630000
1451.619999
1497.769999
1446.259999
1447.859999
1435.500000
1597.799999
1553.049999
1650.369999
1564.440000
1663.380000
1475.690000
1633.609999
1632.029999
1517.119999
1444.740000
1508.750000
1435.490000
1468.359999
1503.849999
1436.460000
1388.220000
1468.279999
1491.950000
1369.329999
1476.259999