0.046999 0.020000 0.021000 0.021000 0.022999 0.023999 0.023999 0.029000
0.019000 0.019000 0.021000 0.021999 0.022999 0.022999 0.025000 0.027000
0.017999 3.358000 0.021999 0.021999 0.022999 0.023999 0.025000 0.029000
0.019000 0.020000 3.956999 0.021999 0.021999 0.022999 0.025000 0.028000
0.017999 0.019000 0.020000 0.020000 0.021999 0.021999 0.023999 0.027000
0.017999 4.166000 0.020000 0.021999 0.022999 0.023999 0.026000 0.029000
0.020000 0.019000 0.020000 0.021000 0.022999 0.022999 0.025000 0.027000
0.017999 0.019000 0.020000 0.021000 0.021999 0.022999 0.023999 0.026000
0.017000 0.017999 0.019000 0.021000 0.021000 0.021999 0.022999 0.025000
0.033000 0.020000 0.035000 0.021000 0.021000 0.021999 0.023999 0.026000
4.051999 0.017999 0.019000 0.020000 0.021000 0.021999 0.022999 0.026000
0.050000 0.032000 0.050999 0.020000 0.021000 0.021999 0.021999 0.050999
0.019000 0.019000 0.020000 0.021000 0.021999 0.043999 0.023999 0.028000
2.701999 0.056000 0.020000 0.021000 0.035000 0.042000 0.023999 0.079000
0.019000 0.020000 0.021000 0.021999 0.022999 0.023999 0.026000 0.031000
0.017999 0.020000 0.020000 0.021000 0.023999 0.022999 0.025000 0.027000
0.021000 0.020000 0.021000 0.021999 0.022999 0.023999 0.025000 0.028000
0.019000 0.019000 0.020000 0.021999 0.022999 0.022999 0.023999 0.027000
0.017000 0.019000 0.019000 0.020000 0.021999 0.022999 0.022999 0.026000
6.389000 0.020000 0.020000 0.021000 0.023999 0.022999 0.025000 0.027000
0.020000 0.019000 0.020000 0.021000 0.021999 0.022999 0.025000 0.027000
0.020000 0.020000 0.020000 0.021000 0.021999 0.022999 0.164000 0.029000
0.017999 0.057000 0.033000 0.050999 0.025000 0.042999 0.023999 0.032000
0.017999 0.017999 0.019000 0.020000 0.020000 0.021000 0.021999 0.025000
0.035000 0.041000 0.057000 0.035999 0.021000 0.021999 0.022999 0.026000
0.056000 0.035000 0.020000 0.020000 0.021999 0.021999 0.022999 0.026000
0.017999 0.017999 0.020000 0.020000 0.021000 0.021999 0.022999 0.026000
0.034000 0.017999 0.043999 0.035999 0.021000 0.021999 0.022999 0.026000
0.020000 0.019000 0.020000 0.021999 0.023999 0.023999 0.025000 0.028000
0.021000 0.020000 0.020000 0.021000 0.023999 0.025000 0.025000 0.027000
0.020000 0.019000 0.021000 0.021999 0.022999 0.023999 0.023999 0.027000
0.019000 0.019000 0.019000 0.020000 0.085000 0.096999 0.042000 0.122999
0.021999 0.020000 0.021000 0.021999 0.023999 0.025000 0.025000 0.029000
0.017999 0.019000 0.019000 0.021000 0.021999 0.021999 3.771999 0.027000
0.019000 0.020000 0.020000 0.021000 0.022999 0.022999 0.023999 0.027000
0.017000 0.019000 0.020000 0.020000 0.021999 3.283999 0.045999 0.039000
0.034000 0.040000 0.057000 0.064000 3.357000 0.022999 0.023999 0.027000
0.017000 0.019000 0.020000 0.021000 0.021999 0.022999 0.022999 0.026000
0.017000 0.019000 0.019000 0.020000 0.021999 0.022999 0.022999 4.051000
0.017999 0.019000 0.019000 0.020000 0.021000 0.022999 0.023999 0.026000
0.017000 0.017999 0.019000 0.020000 0.021999 0.021999 0.022999 0.026000
0.019000 0.019000 0.020000 0.021000 0.022999 0.022999 0.023999 0.028000
0.019000 0.020000 0.035999 0.021000 0.021999 0.022999 0.022999 0.027000
0.057000 4.123000 0.019000 0.020000 0.021999 0.021999 0.022999 0.026000
0.055000 0.035999 0.019000 0.020000 0.021000 0.021999 0.026000 0.026000
0.020000 0.035000 0.041000 0.037999 0.021999 0.021999 0.023999 0.027000
0.021000 0.021000 0.020000 0.021999 0.023999 0.039000 0.025000 0.027000
0.019000 0.017999 0.019000 0.020000 0.021000 0.042999 0.022999 4.842999
0.020000 0.021000 0.021000 0.021999 0.025000 0.026000 0.025000 0.027000
0.019000 0.020000 0.021000 0.021000 0.021999 0.022999 0.023999 0.028000
0.017999 0.019000 0.020000 0.020000 0.021000 0.021999 0.022999 0.026000
0.021999 0.019000 0.021000 0.021000 0.021999 0.022999 0.025000 0.027000
0.017000 0.019000 0.040000 0.021000 0.021999 3.398000 0.025000 0.028000
0.017999 0.019000 0.020000 0.021000 0.021999 0.021999 0.022999 0.026000
0.019000 0.017999 0.019000 0.020000 0.021999 0.022999 0.022999 0.026000
0.017000 0.019000 0.019000 0.020000 0.021000 0.021999 0.022999 0.026000
0.020000 0.019000 0.020000 0.021999 0.021999 0.022999 0.023999 0.027000
0.037999 0.021000 8.339000 0.021000 0.021999 0.023999 0.023999 0.027000
0.017000 0.020000 0.020000 0.019000 0.021000 0.021000 0.021999 0.025000
0.017999 0.019000 0.019000 0.020000 0.021000 0.021999 0.022999 0.025000
0.017999 0.019000 0.019000 0.021000 0.021999 0.021999 0.023999 0.026000
0.033000 0.017999 0.019000 0.019000 0.021000 0.021999 0.022999 0.026000
0.046999 0.035000 0.019000 0.020000 0.021000 0.021999 0.022999 0.026000
0.019000 0.019000 0.020000 0.021000 0.021999 0.022999 0.025000 0.028000
0.037000 0.041000 0.057000 0.060000 0.041000 0.045000 0.060999 0.065000
0.017999 0.019000 0.020000 0.021000 0.021999 0.022999 0.023999 0.027000
0.017999 0.017999 0.019000 0.020000 0.021999 0.021999 0.022999 0.026000
0.019000 0.019000 0.020000 0.021999 0.021999 0.022999 0.023999 0.028000
0.017999 0.019000 0.020000 0.021000 0.021999 0.021999 0.022999 0.027000
0.017999 0.019000 0.020000 0.021000 0.021999 0.021999 0.022999 0.027000
0.017000 0.017999 0.019000 0.020000 0.021999 0.021999 0.022999 0.026000
0.017999 0.017999 0.019000 0.021000 0.021999 0.021999 0.022999 0.026000
0.017000 0.017999 0.019000 0.020000 0.021000 0.021000 0.021999 0.023999
0.020000 0.019000 0.021000 0.021999 0.045000 0.022999 0.025000 0.028000
0.019000 0.019000 0.020000 0.021000 0.021999 0.021999 0.025000 0.027000
0.017000 0.017999 0.019000 0.020000 0.021999 0.022999 0.023999 0.027000
0.035000 0.034000 0.037999 0.043999 0.023999 0.026000 0.042000 0.050000
0.019000 0.050999 0.019000 0.020000 0.021000 0.021999 0.022999 0.026000
0.017999 0.017999 0.019000 0.020000 0.021000 4.131999 0.021999 0.025000
0.050000 0.032000 0.045999 0.053000 0.035999 0.021999 0.023999 0.027000
0.017999 0.019000 0.019000 0.020000 0.021000 0.021999 0.022999 0.026000
0.017999 0.032000 0.019000 0.019000 0.021000 0.021999 0.022999 0.026000
0.021999 0.023999 0.035999 0.021000 0.021999 0.021999 0.023999 0.026000
0.019000 0.019000 0.019000 0.021000 0.021999 0.022999 0.022999 0.027000
0.017000 0.017999 0.019000 0.064000 0.021000 0.021999 0.022999 0.026000
0.020000 0.021000 0.021000 0.021999 0.021999 0.022999 0.025000 0.028000
0.017999 0.017999 0.019000 0.021000 0.021999 0.022999 0.022999 2.934000
0.017999 0.019000 0.020000 0.021000 0.021999 0.022999 0.022999 0.026000
0.017000 0.017999 0.019000 0.020000 0.021999 0.021999 0.022999 4.657000
0.020000 0.020000 0.020000 0.022999 0.023999 0.022999 0.023999 0.026000
0.021999 0.020000 0.020000 0.021999 0.022999 0.023999 0.026000 0.028000
0.019000 0.019000 0.021999 0.028000 3.311999 0.022999 0.058999 0.030000
0.019000 0.020000 0.021000 0.023999 0.022999 0.022999 0.025000 0.029000
0.055000 0.035999 3.952999 0.037999 0.022999 0.022999 0.025000 0.028000
0.019000 0.020000 0.020000 0.021000 0.021999 0.022999 3.439000 0.029000
0.020000 0.020000 0.021999 0.021999 0.026000 0.034000 0.045000 3.773000
0.021000 0.019000 0.021999 0.021999 0.022999 0.022999 0.023999 0.027000
0.019000 0.019000 0.020000 0.021000 0.022999 0.022999 0.023999 0.027000
0.017000 0.019000 0.019000 0.021000 0.021999 0.022999 0.022999 0.026000
0.023999 0.020000 0.020000 0.021000 0.021999 0.022999 0.023999 0.028000