0.315209
0.260749
0.265739
0.281200
0.315430
0.318610
0.440120
0.393390
0.320460
0.338550
0.339349
0.300910
0.331230
0.312539
0.310470
0.312319
0.317390
0.302439
0.345359
0.385550
0.353260
0.357750
0.419700
0.332810
0.413999
0.383199
0.369460
0.317029
0.365559
0.379000
0.315010
0.313029
0.378489
0.305659
0.338700
0.364170
0.292499
0.405210
0.308570
0.411760
0.324079
0.323019
0.356190
0.306479
0.311089
0.322350
0.288339
0.352119
0.321299
0.304459
0.346680
0.323019
0.330259
0.330909
0.317600
0.347290
0.346379
0.309549
0.302300
0.328149
0.342619
0.387869
0.296200
0.357040
0.323819
0.308919
0.319169
0.290080
0.360970
0.305269
0.335630
0.332580
0.314159
0.352119
0.315369
0.255209
0.307750
0.323609
0.284059
0.277360
0.328310
0.385180
0.344249
0.323450
0.358460
0.257139
0.308499
0.304729
0.334500
0.291650
0.304439
0.297470
0.293339
0.319649
0.368259
0.343590
0.277619
0.261470
0.352910
0.308199