0.068000
0.088999
0.067000
0.067000
0.069000
0.068000
0.114000
0.068000
0.102000
0.115000
4.126000
0.101000
0.067000
0.067000
0.067000
0.068000
0.067000
0.067000
0.067000
4.091999
0.068000
0.068000
0.068000
0.068000
0.068000
0.068000
0.068000
0.067000
3.947000
0.086999
0.067000
0.067000
0.068000
0.067000
0.067000
0.068000
0.067000
0.069000
0.067000
0.068000
0.067000
0.070000
0.081000
0.068000
0.068000
0.070000
0.070000
0.068000
0.068000
0.067000
0.068000
0.068000
0.067000
0.068000
0.067000
4.262999
0.066000
0.066000
0.065000
0.065000
0.065000
0.092999
4.198999
0.066000
0.065000
0.065000
0.066000
0.172999
0.069000
0.154000
0.067000
0.068000
0.067000
0.163000
0.115000
0.067000
0.068000
0.068000
0.067000
0.068000
0.067000
4.107999
0.067000
0.067000
0.066000
0.066000
0.067000
0.066000
0.067000
0.066000
3.900999
0.068000
0.068000
0.067000
0.068000
0.067000
0.086999
0.083000
0.115000
0.067000