585.163999
591.166000
601.750000
563.782000
577.864000
550.490000
596.806000
587.700000
636.494000
597.912000
614.961999
626.005999
579.409999
613.519999
568.580000
642.076000
634.326000
589.922000
566.296000
556.442000
588.413999
593.422000
595.731999
608.669999
589.895999
606.885999
588.813999
611.289999
579.796000
602.142000
574.707999
578.950000
624.177999
580.250000
572.216000
616.022000
623.177999
582.279999
582.995999
624.692000
596.193999
608.696000
616.831999
580.115999
558.847999
628.894000
600.210000
574.782000
568.008000
584.676000
601.830000
605.436000
606.720000
603.604000
614.546000
602.138000
592.783999
595.645999
615.614000
591.624000
613.697999
583.628000
593.865999
607.998000
578.912000
584.711999
568.307999
601.918000
596.144000
609.317999
628.206000
570.635999
616.785999
585.951999
609.683999
589.053999
594.964000
577.937999
583.562000
577.669999
568.918000
567.625999
585.227999
602.077999
591.429999
570.231999
643.696000
595.748000
572.738000
590.772000
634.299999
567.621999
571.163999
587.604000
562.909999
612.905999
599.392000
625.562000
590.885999
594.134000