215.578947
197.485714
201.874285
195.047619
204.800000
215.578947
181.540274
204.800000
166.349980
184.562845
186.181818
165.124202
182.539130
163.502019
205.338947
205.929223
177.606661
136.079830
195.447797
157.814327
158.885730
158.272646
186.606798
153.406475
159.957593
148.762519
128.404297
137.942970
133.257672
149.190446
214.501052
201.874285
192.831168
178.086956
145.867504
136.414819
149.446835
161.751502
132.412281
91.121389
118.876538
114.732328
109.442072
107.180603
123.025682
132.840525
145.214854
141.159930
109.283505
113.812294
125.703972
124.046411
150.367889
143.358372
121.192894
145.295530
151.453642
140.633753
145.910191
67.187011
143.280974
167.620923