326.577148
308.961425
311.031250
315.175781
315.093261
320.845703
308.011718
308.769531
320.851562
335.424804
316.418457
306.590332
319.943359
312.472656
315.038574
316.053222
312.697265
325.884277
314.524414
316.151367
319.988769
326.414062
320.526367
315.217773
314.029296
314.553222
320.924804
311.729492
315.351074
322.864257
317.912109
313.345214
318.632324
314.619628
310.634277
318.429199
311.418457
329.193847
312.407226
321.427734
318.923339
323.270019
340.611816
325.902832
346.212890
317.117675
341.525878
357.146972
360.562500
345.523437
358.334472
341.954101
349.637695
337.815917
313.800781
307.835449
301.493652
314.324218
312.641601
322.697265
351.963867
308.006835
316.914062
315.276367
313.819335
317.565917
317.217285
311.432617
310.664550
316.686523
319.824707
317.814453
314.066894
320.807617
322.711425
307.155761
318.895019
312.337402
337.391601
310.587402
323.446777
315.479980
317.032226
314.221679
338.976074
338.775878
343.383789
331.266601
336.801757
338.460449
446.928710
351.474609
330.642578
345.409667
339.075683
379.236816
312.050781
324.998046
347.082031
333.290039