84.214516
84.759955
83.730341
82.645569
78.077867
77.583936
81.179553
86.937589
79.750232
81.339345
71.712827
75.372730
68.426484
62.200498
78.991007
81.101069
85.973516
85.109961
79.470688
80.289895
82.446563
78.716750
80.598468
81.958418
84.164665
82.578856
81.146571
85.051282
80.567504
82.448183
84.992684
85.647856
83.722820
79.171421
82.098789
80.280674
84.877448
82.570728
84.771946
85.955017
80.509511
82.267064
87.537259
81.809748
82.509004
84.466363
82.458719
80.266079
83.879369
81.185838
79.772226
82.533358
82.672448
59.404777
71.731224
76.280876
64.726414
74.793441
76.436571
73.118630
75.531536
82.069070
80.399938
83.581842
83.830751
85.365463
83.681061
77.690999
76.029220
78.789946
80.259936
84.222971
78.106219
82.329234
83.947361
79.973001
80.684518
83.791395
79.745684
80.070710
84.439156
84.730846
78.369640
82.564226
83.136191
86.346968
87.304032
82.518744
82.060239
84.766807
85.495097
85.768703
83.400687
82.329234
85.029729
82.673263
82.718916
81.152066
79.769192
82.713206
113.726874
107.930933
117.311703
109.361945
101.961882
110.590326
104.149384
106.893929
111.666462
103.487681
111.720001
111.781038
111.540255
115.875954
117.743111
110.843128
110.803598
104.929739
112.503627
113.276906
112.073748
107.407177
113.006803
106.223904
104.666583
113.822548
119.078556
106.229285
108.769212
104.328134
105.764530
110.013088
105.471974
107.911495
102.281387
104.202427
110.936944
110.092498
110.208208
100.283422
113.006803
110.629704
107.430561
110.584494
105.884681
112.118686
100.101526
107.075399
92.849799
109.692287
103.905565
110.066496
103.446843
108.576339
109.569070
113.646755
111.328573
110.615116
111.435054
108.607265
113.963264
105.974304
104.671807
107.864317
103.687230
107.546256
103.999603
105.659289
106.902102
110.095388
113.969458
111.510601
106.982540
111.290171
111.958572
93.516398
109.738206
112.914014
111.601096
110.036177
112.100706
105.779201
106.199698
104.106730
110.276301
114.672098
110.440360
106.819065
112.057280
108.673394
108.114550
116.548912
114.874671
108.927399
108.957111
107.252000
111.895848
106.732082
113.249378
105.529028