129.479999
122.269999
125.819999
124.959999
85.200000
135.139999
167.629999
100.209999
250.969999
94.239999
112.099999
140.659999
83.569999
59.219999
166.719999
95.370000
183.039999
52.799999
84.299999
163.599999
158.069999
116.250000
190.370000
109.329999
60.000000
113.500000
160.509999
52.630000
53.469999
161.580000
100.640000
105.150000
97.700000
46.899999
132.689999
77.250000
87.189999
72.579999
130.780000
105.780000
159.090000
105.400000
78.329999
45.039999
128.490000
147.889999
104.469999
72.079999
160.439999
128.840000
155.870000
71.959999
71.049999
46.390000
100.019999
106.099999
104.140000
105.140000
98.060000
125.310000
123.780000
105.980000
91.750000
140.699999
117.219999
134.000000
131.289999
53.159999
191.169999
132.879999
142.250000
84.739999
143.580000
135.039999
52.789999
79.730000
103.629999
50.280000
105.180000
139.469999
77.180000
76.939999
188.610000
131.919999
130.000000
128.520000
103.920000
60.429999
209.250000
72.909999
50.640000
73.790000
49.409999
103.750000
46.170000
131.270000
54.259999
156.159999
99.400000
77.489999