121.385999
92.640000
91.406000
94.099999
86.596000
85.739999
61.140000
50.225999
80.078000
48.537999
60.454000
61.140000
44.204000
80.953999
67.659999
57.039999
72.682000
82.188000
100.355999
72.424000
69.739999
67.504000
61.731999
59.067999
47.218000
45.793999
42.735999
67.024000
79.849999
74.371999
70.897999
74.986000
36.685999
74.103999
36.350000
50.671999
62.048000
63.926000
114.560000
61.369999
60.351999
64.093999
86.871999
69.947999
92.763999
75.194000
59.582000
120.453999
54.536000
72.469999
45.433999
80.256000
56.469999
53.722000
54.777999
41.043999
56.323999
80.748000
90.189999
78.602000
67.608000
45.689999
70.286000
92.703999
64.209999
72.231999
91.879999
74.920000
49.070000
31.980000
81.644000
48.161999
59.283999
242.508000
106.415999
49.601999
86.825999
89.213999
96.207999
74.487999
49.091999
51.884000
49.892000
47.223999
51.518000
54.676000
95.941999
77.947999
62.526000
69.138000
44.996000
72.444000
73.331999
63.968000
41.472000
77.221999
97.207999
29.702000
68.183999
62.165999