1785.326000
1571.867999
1405.614000
1357.284000
1332.766000
1375.564000
1349.241999
1326.640000
1337.662000
1373.324000
1363.241999
1344.571999
1409.380000
1394.582000
1331.382000
1368.784000
1381.188000
1313.182000
1387.445999
1361.160000
1353.859999
1337.806000
1335.018000
1345.978000
1339.759999
1353.483999
1368.594000
1364.955999
1363.683999
1357.857999
1358.253999
1318.377999
1345.445999
1382.339999
1317.231999
1356.710000
1471.036000
1362.642000
1381.950000
1381.190000
1388.114000
1380.546000
1379.511999
1353.930000
1525.230000
1342.347999
1393.046000
1326.917999
1300.018000
1386.496000
1357.594000
1376.557999
1337.852000
1346.880000
1393.912000
1337.336000
1362.438000
1376.253999
1348.486000
1323.170000
1391.711999
1338.920000
1354.231999
1374.705999
1360.902000
1337.112000
1355.006000
1347.054000
1356.074000
1390.844000
1369.523999
1375.374000
1353.922000
1330.226000
1392.491999
1366.493999
1370.403999
1379.087999
1399.089999
1366.461999
1348.041999
1342.970000
1363.796000
1302.326000
1409.877999
1356.529999
1365.912000
1386.291999
1368.644000
1362.008000
1369.289999
1360.144000
1379.592000
1372.450000
1565.395999
1319.865999
1359.380000
1353.329999
1322.887999
1349.491999