0.004589
0.005220
0.049509
0.085819
0.004720
0.004709
0.004780
0.045179
0.005049
0.045410
0.004709
0.004699
0.043119
0.034660
0.004930
0.051379
0.049100
0.005899
0.004819
0.004939
0.037330
0.004750
0.044929
0.005469
0.005120
0.004709
0.045640
0.004709
0.050419
0.037429
0.038150
0.005049
0.005169
0.049369
0.005110
0.045570
0.004990
0.045899
0.004709
0.046129
0.004720
0.042930
0.005120
0.045010
0.048599
0.005169
0.005290
0.053170
0.007209
0.005520
0.051609
0.037830
0.049570
0.005740
0.005510
0.048380
0.005510
0.005360
0.046840
0.005550
0.046470
0.051649
0.005729
0.005760
0.052729
0.051270
0.046999
0.007009
0.043970
0.046750
0.005610
0.045699
0.005099
0.047229
0.005569
0.005680
0.048179
0.005510
0.005530
0.046699
0.005350
0.047629
0.005409
0.005250
0.045190
0.005150
0.005350
0.052089
0.005350
0.005200
0.046680
0.005089
0.034110
0.004990
0.043130
0.004799
0.045659
0.004709
0.045449
0.004729