0.006900
0.008099
0.006700
0.006000
0.004699
0.004799
0.004699
0.004799
0.004799
0.004699
0.004699
0.004799
0.409900
0.004699
0.004699
0.004699
0.004699
0.004599
0.004599
0.004699
0.004699
0.004699
0.004699
0.410599
0.004799
0.004699
0.004699
0.004699
0.004699
0.004699
0.004699
0.004699
0.004799
0.004699
0.004900
0.004799
0.004699
0.004699
0.004799
0.009599
0.004699
0.004699
0.004699
0.412300
0.004699
0.004699
0.004699
0.004699
0.004699
0.004799
0.004699
0.004799
0.004799
0.004699
0.276500
0.004699
0.004699
0.004699
0.004699
0.004699
0.004699
0.004699
0.004599
0.004699
0.004699
0.420099
0.004900
0.004799
0.004799
0.004699
0.004699
0.004699
0.004699
0.004799
0.004699
0.285499
0.004599
0.004599
0.004500
0.004599
0.004599
0.004599
0.004599
0.004599
0.004599
0.004599
0.005099
0.009900
0.011200
0.008000
0.009900
0.007700
0.004900
0.004799
0.004900
0.004900
0.004900
0.004900
0.004900
0.005099