0.035400
0.051699
0.386699
0.039899
0.038600
0.482399
0.504499
0.457899
0.039399
0.055899
0.043099
0.517599
0.964199
0.036200
0.029600
0.049800
0.996299
0.516000
0.469499
0.455299
0.053300
0.409499
0.048800
0.081199
0.504900
0.055800
0.055399
0.868900
0.088200
0.082899
0.494800
0.879499
0.050000
0.061299
0.638300
0.477599
0.031200
0.100699
0.479899
0.443400
0.096600
0.485899
0.502700
0.048099
0.091999
0.029800
0.405500
0.061799
0.446100
0.091099
0.051500
0.846999
0.406599
0.031399
0.399899
0.068300
0.774199
0.049900
0.085000
0.491099
0.056399
0.440099
0.567100
0.511700
0.486699
0.514900
0.449900
0.525199
0.044900
0.541799
0.431599
0.417499
0.528200
0.036200
0.054699
0.362700
0.351799
0.025099
0.047099
0.057299
0.539699
0.081899
0.424099
0.492099
0.527800
0.515800
0.455400
0.423899
0.081799
0.477200
0.945800
0.035800
0.064500
0.079299
0.053300
0.042599
0.454100
0.377400
0.059799
0.037299