0.070999
0.080000
0.090000
0.103000
3.777000
0.065000
0.113000
0.095000
0.056000
3.939999
0.045000
0.037999
0.037000
0.050000
0.047999
0.046999
0.054000
0.050000
0.058000
0.062000
0.085000
0.098000
0.075000
0.098000
0.095999
0.079000
0.099000
0.067000
0.050999
0.075999
0.040000
0.041000
0.039000
0.041000
0.043999
4.782000
0.100000
0.046999
0.043999
0.078000
4.293999
0.077000
0.072999
3.427999
4.203000
0.081000
0.075000
0.072999
0.085000
0.065000
0.066000
0.065000
0.053000
0.055000
0.050000
0.072999
4.176000
0.110000
0.109000
0.083000
2.476999
0.136000
0.080000
0.075000
0.117000
0.117000
0.109000
0.078000
0.084000
0.092999
0.079000
0.075999
0.075999
0.078000
0.072999
0.081000
0.070999
4.062000
0.070000
0.077000
0.075999
4.067999
0.056000
0.057000
0.058000
0.060000
0.098000
0.067000
0.085000
0.074000
0.090999
0.057000
0.057000
0.052000
0.064000
0.071999
0.065000
0.062000
0.060000
0.052000