0.059900 0.098309 0.102130 0.061460 0.103269 0.103720 0.145449 0.146370
0.060429 0.129249 0.100720 0.102309 0.061799 0.153189 0.100829 0.148460
0.055060 0.136319 0.112559 0.147370 0.133550 0.104259 0.113790 0.137110
0.063729 0.105319 0.114319 0.104749 0.101680 0.063990 0.174619 0.104380
0.099399 0.057220 0.099430 0.061059 0.106469 0.141720 0.100089 0.107200
0.062969 0.122950 0.099800 0.094670 0.101290 0.105539 0.105299 0.105879
0.063539 0.108770 0.105940 0.102279 0.101800 0.132269 0.106889 0.103909
0.109560 0.107240 0.102300 0.102410 0.101390 0.107279 0.086199 0.136789
0.057640 0.096280 0.061160 0.101930 0.101800 0.104560 0.102859 0.105749
0.105790 0.105279 0.092270 0.092249 0.102249 0.102689 0.062939 0.147980
0.088550 0.062690 0.101569 0.101649 0.102510 0.062059 0.103620 0.140929
0.058940 0.101919 0.059989 0.104899 0.101720 0.062440 0.105149 0.138250
0.116290 0.102130 0.096930 0.126099 0.100800 0.091349 0.105440 0.095710
0.095549 0.055630 0.107250 0.091219 0.104239 0.103150 0.102489 0.135920
0.094839 0.061420 0.106650 0.103720 0.063030 0.104950 0.103359 0.107289
0.058590 0.103639 0.128659 0.101739 0.086319 0.101909 0.107079 0.105350
0.097910 0.061830 0.145820 0.100349 0.099959 0.098979 0.098429 0.106170
0.059660 0.101489 0.059649 0.104699 0.098829 0.101089 0.051349 0.146870
0.146589 0.091160 0.098200 0.100419 0.060899 0.104519 0.103139 0.092650
0.061619 0.106939 0.106259 0.061109 0.145199 0.098330 0.103820 0.105980
0.059710 0.058919 0.088910 0.102370 0.100079 0.104259 0.102370 0.105919
0.093840 0.101659 0.059589 0.100059 0.103580 0.089670 0.104730 0.104749
0.095659 0.064599 0.105579 0.106400 0.130889 0.063170 0.103830 0.105170
0.048779 0.099390 0.102649 0.105669 0.107689 0.102669 0.103709 0.094800
0.100500 0.048479 0.102919 0.104330 0.059269 0.152059 0.105040 0.096159
0.056890 0.105550 0.141419 0.087599 0.099750 0.103400 0.144309 0.105940
0.100990 0.090679 0.062570 0.100879 0.101009 0.103839 0.097799 0.098200
0.044020 0.103879 0.103970 0.102950 0.061749 0.089469 0.101849 0.109499
0.141769 0.055129 0.076440 0.101590 0.102370 0.102049 0.061310 0.104780
0.057320 0.055560 0.107689 0.106130 0.089569 0.083049 0.091709 0.141550
0.057820 0.080329 0.103350 0.062500 0.103760 0.143529 0.104049 0.110020
0.056769 0.108579 0.132519 0.062770 0.102309 0.102859 0.143900 0.104049
0.097670 0.060440 0.089130 0.062429 0.102110 0.104630 0.100649 0.188590
0.096730 0.061880 0.100970 0.104010 0.101400 0.106699 0.062690 0.106780
0.129149 0.060660 0.104039 0.102190 0.059480 0.105289 0.103059 0.106959
0.058830 0.098729 0.084900 0.107869 0.094339 0.097339 0.103220 0.147149
0.110070 0.092240 0.054630 0.093829 0.081089 0.102089 0.103980 0.103730
0.061819 0.104590 0.103960 0.061129 0.087910 0.148419 0.106259 0.106899
0.100859 0.059630 0.135539 0.089420 0.102889 0.103449 0.062119 0.106869
0.057140 0.144579 0.102970 0.059100 0.103909 0.104359 0.097080 0.102180
0.057259 0.101709 0.103499 0.062539 0.102620 0.103889 0.100429 0.112030
0.097879 0.104309 0.169939 0.059399 0.105200 0.101699 0.104730 0.105770
0.096089 0.104179 0.104220 0.061460 0.101690 0.099279 0.095049 0.102519
0.044119 0.101990 0.106800 0.064299 0.102699 0.104730 0.106800 0.107529
0.094679 0.118389 0.105279 0.060030 0.105919 0.104539 0.105770 0.104059
0.103950 0.105350 0.067980 0.141480 0.117849 0.102590 0.063740 0.106679
0.057140 0.091450 0.104740 0.058490 0.106380 0.103629 0.104139 0.142330
0.057469 0.099119 0.057450 0.085790 0.103790 0.103429 0.104309 0.104910
0.091039 0.060119 0.100869 0.062350 0.139240 0.098000 0.102529 0.107149
0.057969 0.102940 0.058389 0.092360 0.102370 0.102950 0.103020 0.104859
0.089219 0.102639 0.060009 0.103080 0.104709 0.064740 0.105770 0.104190
0.138300 0.062019 0.174139 0.095710 0.061200 0.103249 0.104230 0.106859
0.056539 0.097210 0.105020 0.103790 0.064369 0.099969 0.133369 0.105149
0.149750 0.093729 0.103259 0.062709 0.098840 0.107469 0.144609 0.103629
0.103879 0.090719 0.103790 0.102259 0.061559 0.097680 0.102489 0.101110
0.064100 0.091300 0.104349 0.149589 0.128920 0.090489 0.062939 0.105420
0.102089 0.060240 0.106240 0.095949 0.105289 0.102259 0.095000 0.130709
0.094529 0.058689 0.105950 0.061479 0.105760 0.101699 0.104580 0.105919
0.059279 0.113620 0.092480 0.096920 0.094880 0.104279 0.102950 0.106669
0.058550 0.077649 0.059390 0.104319 0.101600 0.103699 0.094930 0.127380
0.056539 0.100209 0.061500 0.104049 0.100180 0.100049 0.064380 0.147020
0.141040 0.061219 0.094860 0.119700 0.056529 0.100019 0.100180 0.105510
0.058910 0.088539 0.059900 0.141800 0.104529 0.102679 0.103350 0.139559
0.090429 0.103279 0.059330 0.103139 0.062059 0.102039 0.106269 0.146150
0.098290 0.145550 0.124180 0.103120 0.061089 0.105690 0.103529 0.147290
0.062520 0.103299 0.103290 0.061519 0.106349 0.130590 0.101370 0.108780
0.060170 0.099779 0.059459 0.102499 0.101810 0.101089 0.063689 0.107189
0.097640 0.091750 0.100639 0.062969 0.101960 0.102730 0.105610 0.094049
0.095350 0.060769 0.156760 0.048620 0.123520 0.097219 0.103960 0.114989
0.142749 0.107630 0.062409 0.104049 0.099930 0.102079 0.062729 0.116250
0.095909 0.061969 0.103569 0.104109 0.100889 0.099830 0.103730 0.105990
0.099720 0.059450 0.098750 0.123689 0.103950 0.101299 0.103089 0.106049
0.057949 0.061470 0.103080 0.090800 0.061280 0.101590 0.128200 0.097059
0.062990 0.105560 0.110179 0.062139 0.103929 0.100600 0.102659 0.106240
0.044319 0.111250 0.094689 0.095129 0.099079 0.104130 0.103350 0.108400
0.059420 0.101190 0.108579 0.057810 0.104910 0.139300 0.142240 0.094169
0.059240 0.103400 0.058810 0.091370 0.090050 0.049539 0.102980 0.105230
0.103410 0.095649 0.103659 0.060240 0.102919 0.101340 0.103489 0.090620
0.098150 0.066330 0.095449 0.088389 0.107050 0.137500 0.103879 0.107489
0.060890 0.100309 0.058889 0.103529 0.102200 0.061819 0.133009 0.103780
0.101360 0.120100 0.100649 0.062900 0.101739 0.102429 0.145399 0.106000
0.057729 0.099969 0.091649 0.104539 0.086980 0.104079 0.103950 0.107099
0.057940 0.079350 0.106749 0.103990 0.058650 0.103370 0.104380 0.099009
0.091230 0.098949 0.061969 0.095729 0.093940 0.134560 0.104330 0.106109
0.104239 0.103760 0.102879 0.087699 0.100919 0.105550 0.103160 0.105879
0.057899 0.112009 0.063130 0.107840 0.104749 0.106300 0.132509 0.102940
0.100249 0.059399 0.100669 0.092389 0.101299 0.062160 0.103610 0.105560
0.105620 0.087309 0.095439 0.094049 0.062480 0.105950 0.105099 0.107879
0.088760 0.109889 0.115440 0.094250 0.100229 0.090620 0.102800 0.104610
0.104289 0.095100 0.111600 0.093100 0.156440 0.108979 0.108260 0.121750
0.087959 0.051120 0.098870 0.094779 0.105059 0.149449 0.103990 0.106929
0.085909 0.066780 0.142549 0.094219 0.105399 0.108469 0.103029 0.108820
0.142169 0.105539 0.062649 0.101569 0.061949 0.133069 0.094190 0.152179
0.059139 0.101429 0.059540 0.103629 0.101139 0.104780 0.109569 0.110260
0.095700 0.088739 0.058360 0.103859 0.100560 0.062839 0.103299 0.106319
0.059220 0.100819 0.096110 0.093580 0.104210 0.098739 0.090760 0.105590
0.062799 0.101350 0.101680 0.110409 0.106319 0.106020 0.105640 0.109520
0.089980 0.094030 0.096060 0.059319 0.106259 0.141310 0.104340 0.106440
0.099230 0.060960 0.100839 0.103780 0.166129 0.141360 0.050190 0.147689
0.099600 0.059450 0.100750 0.098019 0.061059 0.102370 0.093650 0.128659