0.018399 0.018100 0.018799 0.020000 0.303800 0.031399 0.022700 0.026400
0.017100 0.018399 0.021499 0.447400 0.021699 0.022400 0.023499 0.435699
0.017100 0.020800 0.500099 0.021400 0.022900 0.026299 0.427800 0.027199
0.017799 0.414599 0.020000 0.021000 0.022299 0.023099 0.428899 0.026400
0.017299 0.018599 0.417499 0.019699 0.020899 0.021699 0.022700 0.025600
0.018700 0.019599 0.020100 0.487000 0.026400 0.027400 0.034899 0.341600
0.021200 0.022900 0.023700 0.025600 0.420699 0.026299 0.027699 0.031399
0.019800 0.021100 0.022200 0.432899 0.024900 0.025899 0.027099 0.440700
0.020299 0.021699 0.426799 0.023099 0.024500 0.025300 0.026500 0.437199
0.018399 0.019699 0.425499 0.020899 0.022200 0.022999 0.024100 0.403500
0.017900 0.019199 0.020100 0.424899 0.021800 0.023300 0.023800 0.026600
0.017700 0.018799 0.019399 0.456799 0.022900 0.023700 0.025200 0.434900
0.019599 0.021200 0.863199 0.023099 0.028000 0.025400 0.442100 0.031099
0.021299 0.023099 0.023700 0.025000 0.333299 0.026500 0.029199 0.031399
0.020699 0.022100 0.023300 0.499300 0.023800 0.030000 0.032000 0.440899
0.019000 0.439199 0.021999 0.025899 0.026600 0.307500 0.026500 0.031600
0.018700 0.020000 0.020899 0.021699 0.023400 0.476600 0.027500 0.502800
0.018500 0.019900 0.020600 0.430400 0.021600 0.026800 0.025400 0.027099
0.017999 0.019199 0.019900 0.421199 0.020899 0.021699 0.022700 0.025600
0.017100 0.018300 0.019199 0.512399 0.021100 0.022100 0.022999 0.026000
0.016799 0.018100 0.018799 0.428899 0.021000 0.021699 0.022700 0.025700
0.016799 0.018100 0.018700 0.019699 0.436399 0.021899 0.022900 0.025000
0.017199 0.018500 0.019000 0.020000 0.021200 0.400800 0.022800 0.025700
0.415200 0.019199 0.019300 0.020800 0.021999 0.022500 0.429499 0.025700
0.016799 0.017999 0.417799 0.019500 0.020699 0.021400 0.022400 0.437500
0.016799 0.018100 0.018799 0.293900 0.021000 0.021699 0.022700 0.025600
0.016899 0.018100 0.018700 0.019699 0.020899 0.427299 0.022500 0.024900
0.016199 0.397799 0.018799 0.019800 0.021000 0.021699 0.022800 0.432300
0.016699 0.018799 0.432200 0.027300 0.022400 0.021699 0.311199 0.024900
0.016299 0.017600 0.018199 0.019100 0.020400 0.021100 0.426200 0.024900
0.433800 0.017999 0.023199 0.027300 0.021000 0.485999 0.022900 0.026000
0.017100 0.018100 0.018799 0.019900 0.456599 0.021899 0.022900 0.026299
0.017100 0.018300 0.019199 0.020500 0.464000 0.021800 0.022800 0.025700
0.016899 0.018100 0.018799 0.019800 0.466399 0.023300 0.024199 0.027500
0.017100 0.018199 0.018900 0.435699 0.020899 0.021699 0.022700 0.025600
0.018500 0.018100 0.018799 0.421199 0.020600 0.021400 0.022500 0.024799
0.024699 0.018100 0.018700 0.401200 0.030400 0.023400 0.022700 0.031200
0.017299 0.018399 0.859199 0.019800 0.020899 0.021999 0.023300 0.484299
0.017000 0.018199 0.018900 0.329600 0.021200 0.022200 0.023199 0.028600
0.016799 0.017600 0.018399 0.425499 0.021200 0.021699 0.022900 0.025700
0.016899 0.489799 0.018799 0.019800 0.021000 0.021699 0.430799 0.025600
0.016899 0.018199 0.019100 0.020299 0.021600 0.411600 0.022700 0.025700
0.430200 0.018100 0.018799 0.019800 0.021000 0.021800 0.428899 0.030000
0.504600 0.020100 0.018900 0.020500 0.021600 0.468900 0.035700 0.025800
0.017900 0.023800 0.338600 0.020000 0.021200 0.022299 0.023300 0.487800
0.446100 0.017600 0.018399 0.019699 0.020800 0.021499 0.427599 0.033500
0.016899 0.468900 0.019500 0.020899 0.021899 0.021899 0.429999 0.024799
0.016299 0.017500 0.408000 0.019800 0.021000 0.021699 0.022700 0.429800
0.430100 0.017500 0.018399 0.019500 0.020600 0.021400 0.022400 0.481099
0.016699 0.017799 0.025200 0.024500 0.473799 0.021800 0.022800 0.025800
0.017100 0.018399 0.019100 0.471399 0.022400 0.023099 0.023999 0.027000
0.016899 0.017999 0.018700 0.447499 0.021999 0.022999 0.023700 0.026600
0.017000 0.018100 0.018799 0.019699 0.423200 0.021699 0.022700 0.025700
0.030200 0.019699 0.018700 0.019800 0.424199 0.021400 0.022500 0.024900
0.016899 0.018100 0.022500 0.019800 0.490599 0.021499 0.022299 0.025300
0.016600 0.858900 0.018900 0.020100 0.021299 0.022500 0.023400 0.359299
0.746700 0.017600 0.018399 0.019699 0.020800 0.432699 0.022500 0.024799
0.016699 0.445000 0.018799 0.019699 0.021000 0.021699 0.022700 0.404300
0.020000 0.018100 0.430499 0.019800 0.021000 0.021699 0.022700 0.439499
0.016799 0.018100 0.018799 0.429599 0.021200 0.021800 0.022800 0.025800
0.016899 0.018199 0.018799 0.428899 0.020699 0.021400 0.033899 0.445099
0.016799 0.018100 0.018900 0.428899 0.021000 0.021800 0.022900 0.025700
0.864400 0.017399 0.018300 0.019500 0.020699 0.021400 0.445199 0.026699
0.430700 0.018100 0.018799 0.019800 0.021000 0.021800 0.437099 0.025899
0.016899 0.433999 0.018799 0.019900 0.020899 0.026600 0.425800 0.025700
0.450199 0.018100 0.018900 0.020200 0.021499 0.025200 0.496300 0.025700
0.016699 0.017500 0.028199 0.419299 0.021000 0.021800 0.022999 0.026699
0.479100 0.022200 0.025099 0.025200 0.021400 0.403899 0.022800 0.025600
0.016799 0.409200 0.019000 0.020600 0.021400 0.022500 0.458800 0.024799
0.432399 0.027699 0.027400 0.019800 0.021000 0.022100 0.312300 0.025600
0.016299 0.017500 0.018300 0.019500 0.020600 0.021400 0.414999 0.025700
0.471300 0.022400 0.025899 0.021600 0.480100 0.021899 0.022800 0.025899
0.017500 0.018799 0.429000 0.020400 0.021899 0.023300 0.023900 0.972600
0.018199 0.403600 0.022100 0.020299 0.021600 0.022400 0.446300 0.027300
0.016400 0.017500 0.018300 0.019500 0.020600 0.298599 0.022400 0.033200
0.426700 0.018599 0.019300 0.022400 0.023700 0.295099 0.023900 0.028400
0.024599 0.018100 0.018799 0.019800 0.020899 0.449299 0.022900 0.025899
0.025499 0.464799 0.018799 0.019800 0.020899 0.021899 0.022999 0.414299
0.017000 0.798300 0.019500 0.020200 0.021499 0.022100 0.466699 0.031200
0.420699 0.017500 0.018300 0.019800 0.021899 0.022299 0.328900 0.027099
0.016899 0.422700 0.018399 0.029399 0.033599 0.414999 0.022700 0.025600
0.025800 0.018100 0.018700 0.406700 0.021100 0.021699 0.022800 0.025700
0.017000 0.018300 0.470100 0.026200 0.037199 0.022599 0.478899 0.025899
0.019900 0.429199 0.018700 0.020299 0.021499 0.021899 0.022900 0.520000
0.017299 0.022200 0.025099 0.021800 0.437699 0.021800 0.022700 0.025700
0.017799 0.019500 0.020100 0.021100 0.022500 0.314400 0.023300 0.026299
0.017399 0.428099 0.018700 0.027199 0.021000 0.022400 0.433999 0.029399
0.017199 0.018700 0.424899 0.020500 0.021699 0.022400 0.023400 0.411100
0.017299 0.018599 0.019199 0.504600 0.027199 0.035099 0.360099 0.025000
0.451799 0.018700 0.019399 0.020500 0.021699 0.022400 0.453200 0.030099
0.018199 0.349199 0.019900 0.020699 0.023700 0.023300 0.433600 0.028199
0.445699 0.020200 0.021000 0.021899 0.022999 0.413600 0.023999 0.027199
0.420399 0.020899 0.021299 0.020400 0.022100 0.435899 0.023400 0.026299
0.423700 0.018700 0.019399 0.020299 0.021600 0.418200 0.022800 0.029499
0.018199 0.019300 0.020100 0.489100 0.024100 0.025899 0.025099 0.463199
0.018700 0.411899 0.021299 0.022200 0.024299 0.024900 0.929599 0.028100
0.018399 0.422499 0.019900 0.020899 0.022200 0.022999 0.024199 0.442799
0.017299 0.423300 0.018799 0.019699 0.021000 0.021699 0.022599 0.445500
0.017799 0.019199 0.415399 0.021600 0.024900 0.023400 0.024100 0.430400
0.017600 0.018599 0.019300 0.460700 0.021899 0.022599 0.023800 0.027199