6.043999
10.015000
10.900999
6.395999
10.073000
6.011000
9.980999
10.471999
11.288999
11.009999
5.895999
10.679999
11.060999
11.106999
11.407000
10.785999
10.188000
6.592999
9.989000
15.994999
14.974000
10.304999
11.531000
15.707000
15.797000
14.855000
10.141999
10.367000
9.913000
10.728999
10.128000
10.609999
7.472999
6.291000
6.176999
9.756999
11.647000
14.608999
14.186999
9.772000
15.627000
10.775999
10.218999
14.647000
14.782999
8.580000
8.768000
13.023999
6.253999
11.201999
13.086999
16.129999
6.009000
13.962999
9.878000
18.640000
15.182000
10.022999
11.098000
10.643000
6.424000
10.986000
10.989000
6.043999
10.480000
14.111000
12.740999
11.644999
10.130000
10.936999
6.177999
10.205000
11.112999
10.387000
10.188000
12.929999
17.507999
11.487000
10.448000
10.131000
6.277999
10.317999
8.686999
11.688000
8.993000
11.016000
11.345000
5.139000
14.730000
8.605000
10.657000
8.061999
15.717999
9.497999
16.803000
9.772000
13.509999
10.244999
11.105000
14.880000