0.498199
0.498500
0.064900
0.479499
0.475300
0.063200
0.347900
0.522700
0.483000
0.065000
0.462699
0.073499
0.472400
0.494399
0.466500
0.066699
0.480999
0.492099
0.557699
0.474000
0.063600
0.454100
0.064900
0.891199
0.432599
0.068099
0.526100
0.090899
0.071400
0.504800
0.483399
0.480600
0.485800
0.075000
0.468299
0.073599
0.489599
0.090000
0.076899
0.076100
0.540700
0.082199
0.504999
0.505900
0.073499
0.071499
0.481200
0.505900
0.528200
0.500600
0.512900
0.485599
0.501800
0.072999
0.070000
0.514599
0.510600
0.508199
0.875399
0.432699
0.454400
0.066799
0.486500
0.488300
0.502899
0.480600
0.488600
0.066900
0.474100
0.489599
0.484400
0.499699
0.065899
0.517399
0.508700
0.481599
0.472400
0.064900
0.470500
0.454000
0.072500
0.519499
0.483499
0.481499
0.067199
0.066000
0.438499
0.314199
0.446799
0.484299
0.457799
0.067000
0.068900
0.483300
0.358000
0.068300
0.063799
0.475699
0.065000
0.484299