9.742599
9.802599
10.222799
9.481600
9.334699
9.418799
9.366699
9.283799
8.736599
9.785399
9.908300
8.908699
10.208399
9.009100
9.748699
9.137499
9.291600
9.572800
8.997400
9.158599
9.747600
9.505399
9.631399
9.832399
8.861100
10.181300
9.167699
9.114200
10.470700
9.337500
9.481999
9.019600
9.304800
9.675900
9.648400
8.879899
9.691700
9.749599
10.094300
9.766099
8.807700
9.007400
9.503000
9.311400
9.694100
9.593600
9.310299
9.697699
8.476599
9.238599
9.267799
9.853999
9.600899
8.962699
9.456200
9.288700
9.256500
9.184300
9.636799
9.225300
9.461399
9.580099
8.772500
9.574600
9.532899
10.268700
9.545799
9.308299
9.440599
9.539899
9.520200
9.680600
9.321500
8.738500
9.654700
9.130800
9.174099
9.777599
9.018000
9.617499
9.519000
9.184900
10.060499
9.278999
8.897700
9.623599
9.129400
9.611399
9.465700
8.697100
8.499399
9.224500
9.577799
9.714999
8.988400
9.255399
9.683799
9.859099
9.252000
9.491600