675.360000
659.230000
957.919999
933.169999
760.539999
912.370000
817.549999
794.799999
749.480000
834.440000
681.200000
851.299999
683.000000
778.269999
733.639999
665.070000
821.870000
697.539999
797.009999
794.360000
912.210000
652.399999
776.360000
826.049999
710.529999
747.149999
936.159999
704.610000
764.370000
798.600000
733.950000
705.850000
718.740000
794.409999
768.019999
667.230000
688.549999
804.440000
867.460000
686.129999
901.009999
780.750000
701.960000
657.669999
838.840000
740.480000
795.049999
812.220000
744.480000
891.429999
767.480000
753.700000
738.759999
961.990000
832.279999
814.370000
744.529999
975.379999
616.909999
809.500000
589.860000
586.649999
677.720000
611.509999
679.419999
610.159999
585.590000
750.379999
642.029999
571.190000
598.470000
742.909999
654.750000
580.960000
736.710000
630.190000
656.779999
816.460000
602.029999
686.409999
639.269999
696.720000
844.840000
646.179999
662.000000
504.689999
691.460000
676.779999
681.120000
544.129999
817.570000
648.289999
547.210000
651.960000
815.970000
540.860000
627.970000
671.879999
619.980000
674.639999